structure(list(TITLE = NULL, DATA = NULL, VARIABLE = "grouping IS school (1 = GW 2 = Pas);", 
    DEFINE = NULL, MONTECARLO = NULL, MODELPOPULATION = NULL, 
    MODELMISSING = NULL, ANALYSIS = NULL, MODEL = c("visual BY vis_1 vis_2 vis_3;", 
    "textual BY tex_1 tex_2 tex_3;", "speed BY spe_1 spe_2 spe_3;"
    ), MODELINDIRECT = NULL, MODELCONSTRAINT = NULL, MODELTEST = NULL, 
    MODELPRIORS = NULL, OUTPUT = NULL, SAVEDATA = NULL, PLOT = NULL, 
    results = structure(list(input = structure(list(data = list(
        file = "example_8fcd88581c11fb84d0b67f1148ae8241.dat"), 
        variable = list(names = "school vis_1 vis_2 vis_3 tex_1 tex_2 tex_3 spe_1 spe_2 spe_3", 
            missing = ".", grouping = "school (1 = GW 2 = Pas)"), 
        model = c("", "  visual BY vis_1 vis_2 vis_3;", "  textual BY tex_1 tex_2 tex_3;", 
        "  speed BY spe_1 spe_2 spe_3;", "", "", ""), title = ""), class = c("mplus.inp", 
    "list"), start.line = 6L, end.line = 20L), warnings = structure(list(), class = c("mplus.warnings", 
    "list")), errors = structure(list(), class = c("mplus.errors", 
    "list")), data_summary = structure(list(overall = structure(list(
        NClusters = c(NA_integer_, NA_integer_), NMissPatterns = c(1, 
        1), AvgClusterSize = c(NA_real_, NA_real_), Group = c("GW", 
        "PAS")), row.names = c(NA, -2L), class = "data.frame"), 
        ICCs = list()), class = c("mplus.data_summary", "list"
    )), sampstat = structure(list(GW = list(univariate.sample.statistics = structure(c(145, 
    145, 145, 145, 145, 145, 145, 145, 145, 4.93, 6.2, 1.996, 
    3.317, 4.712, 2.469, 3.921, 5.488, 5.327, 1.319, 1.226, 1.073, 
    1.257, 1.342, 1.28, 1.062, 1.094, 1.051, -0.118, 0.237, 0.617, 
    0.401, -0.544, 0.721, 0.161, 0.691, 0.198, -0.085, 0.801, 
    -0.48, 0.203, 0.172, 0.184, -0.385, 2.164, 0.457, 1.833, 
    2.25, 0.375, 0.333, 1, 0.286, 1.304, 3.05, 3.111, 8.5, 9.25, 
    4.5, 6.333, 7, 5.857, 6.478, 10, 9.25, 0.69, 0.69, 1.38, 
    0.69, 0.69, 0.69, 0.69, 0.69, 0.69, 0.69, 1.38, 0.69, 0.69, 
    0.69, 0.69, 0.69, 0.69, 0.69, 4, 5.25, 1, 2.333, 4, 1.571, 
    2.957, 4.65, 4.417, 4.667, 5.75, 1.625, 3, 4.5, 2, 3.565, 
    5.25, 5.056, 5, 6.25, 1.875, 3, 4.75, 2.286, 3.87, 5.5, 5.306, 
    5.167, 6.25, 2, 3.333, 5, 2.571, 4.13, 5.7, 5.583, 6, 7, 
    3, 4.333, 5.75, 3.286, 4.783, 6.25, 6.222), .Dim = c(9L, 
    14L), .Dimnames = list(c("VIS_1", "VIS_2", "VIS_3", "TEX_1", 
    "TEX_2", "TEX_3", "SPE_1", "SPE_2", "SPE_3"), c("Sample Size", 
    "Mean", "Variance", "Skewness", "Kurtosis", "Minimum", "Maximum", 
    "%Min", "%Max", "20%", "40%", "Median", "60%", "80%")))), 
        PAS = list(univariate.sample.statistics = structure(c(156, 
        156, 156, 156, 156, 156, 156, 156, 156, 4.941, 5.984, 
        2.487, 2.823, 3.995, 1.922, 4.432, 5.563, 5.418, 1.395, 
        1.504, 1.346, 1.32, 1.708, 0.974, 1.17, 0.952, 0.978, 
        -0.374, 0.688, 0.154, 0.219, -0.13, 1, 0.3, 0.358, 0.223, 
        0.674, 0.209, -1.078, -0.089, -0.851, 1.932, -0.421, 
        0.05, 0.149, 0.667, 3.5, 0.25, 0, 1, 0.143, 2.043, 3.5, 
        2.778, 7.5, 9.25, 4.5, 6, 6.75, 6.143, 7.435, 8.3, 8.611, 
        0.64, 0.64, 0.64, 0.64, 0.64, 1.28, 0.64, 0.64, 0.64, 
        1.28, 1.92, 3.21, 0.64, 0.64, 0.64, 0.64, 0.64, 0.64, 
        4, 5, 1.375, 1.667, 2.75, 1, 3.478, 4.75, 4.611, 4.667, 
        5.5, 2, 2.667, 3.5, 1.571, 4, 5.25, 5.111, 5, 5.75, 2.375, 
        2.667, 4, 1.857, 4.37, 5.475, 5.417, 5.333, 6, 2.625, 
        3, 4.5, 2.143, 4.696, 5.75, 5.639, 5.833, 7, 3.75, 3.667, 
        5.25, 2.714, 5.522, 6.3, 6.222), .Dim = c(9L, 14L), .Dimnames = list(
            c("VIS_1", "VIS_2", "VIS_3", "TEX_1", "TEX_2", "TEX_3", 
            "SPE_1", "SPE_2", "SPE_3"), c("Sample Size", "Mean", 
            "Variance", "Skewness", "Kurtosis", "Minimum", "Maximum", 
            "%Min", "%Max", "20%", "40%", "Median", "60%", "80%"
            ))))), class = c("mplus.sampstat", "list")), covariance_coverage = structure(list(
        GW = structure(c(1, 1, 1, 1, 1, 1, 1, 1, 1, NA, 1, 1, 
        1, 1, 1, 1, 1, 1, NA, NA, 1, 1, 1, 1, 1, 1, 1, NA, NA, 
        NA, 1, 1, 1, 1, 1, 1, NA, NA, NA, NA, 1, 1, 1, 1, 1, 
        NA, NA, NA, NA, NA, 1, 1, 1, 1, NA, NA, NA, NA, NA, NA, 
        1, 1, 1, NA, NA, NA, NA, NA, NA, NA, 1, 1, NA, NA, NA, 
        NA, NA, NA, NA, NA, 1), .Dim = c(9L, 9L), .Dimnames = list(
            c("VIS_1", "VIS_2", "VIS_3", "TEX_1", "TEX_2", "TEX_3", 
            "SPE_1", "SPE_2", "SPE_3"), c("VIS_1", "VIS_2", "VIS_3", 
            "TEX_1", "TEX_2", "TEX_3", "SPE_1", "SPE_2", "SPE_3"
            ))), PAS = structure(c(1, 1, 1, 1, 1, 1, 1, 1, 1, 
        NA, 1, 1, 1, 1, 1, 1, 1, 1, NA, NA, 1, 1, 1, 1, 1, 1, 
        1, NA, NA, NA, 1, 1, 1, 1, 1, 1, NA, NA, NA, NA, 1, 1, 
        1, 1, 1, NA, NA, NA, NA, NA, 1, 1, 1, 1, NA, NA, NA, 
        NA, NA, NA, 1, 1, 1, NA, NA, NA, NA, NA, NA, NA, 1, 1, 
        NA, NA, NA, NA, NA, NA, NA, NA, 1), .Dim = c(9L, 9L), .Dimnames = list(
            c("VIS_1", "VIS_2", "VIS_3", "TEX_1", "TEX_2", "TEX_3", 
            "SPE_1", "SPE_2", "SPE_3"), c("VIS_1", "VIS_2", "VIS_3", 
            "TEX_1", "TEX_2", "TEX_3", "SPE_1", "SPE_2", "SPE_3"
            )))), class = c("mplus.covcoverage", "list"), group.names = c("GW", 
    "PAS")), summaries = structure(list(Mplus.version = "8.6", 
        Title = "", AnalysisType = "GENERAL", DataType = "INDIVIDUAL", 
        Estimator = "ML", Observations = 301, NGroups = 2, NDependentVars = 9, 
        NIndependentVars = 0, NContinuousLatentVars = 3, Parameters = 48, 
        ChiSqM_Value = 164.103, ChiSqM_DF = 60, ChiSqM_PValue = 0, 
        ChiSqBaseline_Value = 957.769, ChiSqBaseline_DF = 72, 
        ChiSqBaseline_PValue = 0, LL = -3706.323, UnrestrictedLL = -3624.272, 
        CFI = 0.882, TLI = 0.859, AIC = 7508.647, BIC = 7686.588, 
        aBIC = 7534.359, RMSEA_Estimate = 0.107, RMSEA_90CI_LB = 0.088, 
        RMSEA_90CI_UB = 0.127, RMSEA_pLT05 = 0, SRMR = 0.087, 
        AICC = 7527.31366666667, Filename = "example.out"), row.names = c(NA, 
    -1L), filename = "example.out", Observations = c(GW = 145, 
    PAS = 156), class = c("mplus.summaries", "data.frame")), 
        invariance_testing = list(), parameters = list(unstandardized = structure(list(
            paramHeader = c("VISUAL.BY", "VISUAL.BY", "VISUAL.BY", 
            "TEXTUAL.BY", "TEXTUAL.BY", "TEXTUAL.BY", "SPEED.BY", 
            "SPEED.BY", "SPEED.BY", "TEXTUAL.WITH", "SPEED.WITH", 
            "SPEED.WITH", "Means", "Means", "Means", "Intercepts", 
            "Intercepts", "Intercepts", "Intercepts", "Intercepts", 
            "Intercepts", "Intercepts", "Intercepts", "Intercepts", 
            "Variances", "Variances", "Variances", "Residual.Variances", 
            "Residual.Variances", "Residual.Variances", "Residual.Variances", 
            "Residual.Variances", "Residual.Variances", "Residual.Variances", 
            "Residual.Variances", "Residual.Variances", "VISUAL.BY", 
            "VISUAL.BY", "VISUAL.BY", "TEXTUAL.BY", "TEXTUAL.BY", 
            "TEXTUAL.BY", "SPEED.BY", "SPEED.BY", "SPEED.BY", 
            "TEXTUAL.WITH", "SPEED.WITH", "SPEED.WITH", "Means", 
            "Means", "Means", "Intercepts", "Intercepts", "Intercepts", 
            "Intercepts", "Intercepts", "Intercepts", "Intercepts", 
            "Intercepts", "Intercepts", "Variances", "Variances", 
            "Variances", "Residual.Variances", "Residual.Variances", 
            "Residual.Variances", "Residual.Variances", "Residual.Variances", 
            "Residual.Variances", "Residual.Variances", "Residual.Variances", 
            "Residual.Variances"),